always
2.996828182,16069,625,0,133
2.994178737,16069,625,0,133
3.056816568,16069,625,0,133
2.9159191559999997,16069,625,0,133
2.95315056,16069,625,0,133
exp1.5
2.726312859,31853,1014,0,8
2.701721686,31853,1014,0,8
2.801529291,31853,1014,0,8
2.739013906,31853,1014,0,8
2.674211279,31853,1014,0,8
exp2
1.646112789,22331,630,0,67
1.514997208,22331,630,0,67
1.521486489,22331,630,0,67
1.512855414,22331,630,0,67
1.605752001,22331,630,0,67
exp2.5
2.982199493,57178,1272,0,4
2.937739904,57178,1272,0,4
2.988101614,57178,1272,0,4
2.8847373629999997,57178,1272,0,4
2.910827701,57178,1272,0,4
expB1.5
7.418762683,196622,2772,0,5
7.3730385929999995,196622,2772,0,5
7.288735966,196622,2772,0,5
7.254728244,196622,2772,0,5
7.270045099,196622,2772,0,5
lin2
2.981030826,16069,625,0,133
2.781237064,16069,625,0,133
2.7162823609999998,16069,625,0,133
2.774597367,16069,625,0,133
2.7209714849999997,16069,625,0,133
lin3
2.422981955,20557,625,0,89
2.478621517,20557,625,0,89
2.545717248,20557,625,0,89
2.558834188,20557,625,0,89
2.475457576,20557,625,0,89
lin4
2.066502239,20714,628,0,85
2.051246238,20714,628,0,85
2.138717406,20714,628,0,85
2.030150872,20714,628,0,85
2.137399194,20714,628,0,85
lin5
2.324031821,31905,693,0,2
2.331683616,31905,693,0,2
2.294151742,31905,693,0,2
2.325086539,31905,693,0,2
2.305426033,31905,693,0,2
linB2
2.041738907,17943,630,0,108
2.093509451,17943,630,0,108
2.05725821,17943,630,0,108
2.083246484,17943,630,0,108
2.05004299,17943,630,0,108
linB3
2.063824743,22075,627,0,69
2.0135029429999998,22075,627,0,69
2.026093367,22075,627,0,69
2.024950039,22075,627,0,69
2.134674069,22075,627,0,69
linB4
2.067009691,28281,697,0,36
2.1107141609999998,28281,697,0,36
2.146325786,28281,697,0,36
2.14088545,28281,697,0,36
2.102145695,28281,697,0,36
linB1.5
2.597251777,17711,627,0,111
2.426678697,17711,627,0,111
2.45870094,17711,627,0,111
2.488344945,17711,627,0,111
2.476212778,17711,627,0,111
linB2.5
2.0660030689999997,21704,630,0,74
2.133279992,21704,630,0,74
2.115364119,21704,630,0,74
2.027016409,21704,630,0,74
2.046496413,21704,630,0,74
alwaysHalf
2.939095578,16069,625,0,133
2.936377031,16069,625,0,133
3.008477536,16069,625,0,133
2.907385265,16069,625,0,133
3.030710826,16069,625,0,133
alwaysHalfB
2.922194901,16069,625,0,133
2.930319105,16069,625,0,133
3.193230153,16069,625,0,133
2.95723495,16069,625,0,133
2.9638156959999997,16069,625,0,133
expHalf
3.144144692,16069,625,0,133
3.015314158,16069,625,0,133
2.896269527,16069,625,0,133
2.971050195,16069,625,0,133
2.977264989,16069,625,0,133
expHalfB
3.044618153,16069,625,0,133
3.106131365,16069,625,0,133
3.172549111,16069,625,0,133
2.956739447,16069,625,0,133
2.975335747,16069,625,0,133
linHalf
2.1008074899999998,17943,630,0,108
2.047352124,17943,630,0,108
2.151250413,17943,630,0,108
2.062232999,17943,630,0,108
2.694520367,17943,630,0,108
linHalfB
2.0661028249999998,17943,630,0,108
2.271015451,17943,630,0,108
2.05579957,17943,630,0,108
2.11798699,17943,630,0,108
2.052032748,17943,630,0,108
thirds
2.935230412,16069,625,0,133
3.1532638619999998,16069,625,0,133
3.0724955449999998,16069,625,0,133
2.96622495,16069,625,0,133
3.000091617,16069,625,0,133
thirdsB
2.96586815,16069,625,0,133
2.966291028,16069,625,0,133
3.029441614,16069,625,0,133
3.054286603,16069,625,0,133
3.025147022,16069,625,0,133
minConj25
1.476719282,22635,635,0,0
1.449352951,22635,635,0,0
1.540898498,22635,635,0,0
1.42214521,22635,635,0,0
1.442991119,22635,635,0,0
minSize150
1.514013122,22635,635,0,0
1.4181477,22635,635,0,0
1.43841257,22635,635,0,0
1.404521583,22635,635,0,0
1.420593373,22635,635,0,0
